EDGES: 5278
SINGLETON: 1143
MIN_DEGREE: 0
SYMMETRIC: False
MAX_DEGREE: 166
LABELS_DIST: 
[[ 0.12961595  0.08013294  0.15435746  0.30206795  0.15731167  0.11004431
   0.06646972]]
MULTI-LABEL: False
DENSITY: 0.0014399999126942077
MEAN_DEGREE: 2.00480059084
NODES: 2708
DEGREES: 5429
