LABELS_DIST: 
[[ 0.28695652  0.1173913   0.09130435  0.03913043  0.46521739]]
SYMMETRIC: True
DEGREES: 1122.0
MIN_DEGREE: 2.0
MULTI-LABEL: False
SINGLETON: 0
EDGES: 596
DENSITY: 0.02263147902031517
MEAN_DEGREE: 4.87826086957
NODES: 230
MAX_DEGREE: 123.0
